"sitio" "replica" "total" "biotransformacion" "detritivoria" "microfitofagia" "predacion" "omnivoria" "herbivoria"
"1" "Reserva" 1 2326457.0686458 0.726691796466615 0.232425449253654 0.0331114231637349 0.000535646638526483 0.00314271675285712 0.00382364520825592
"2" "Reserva" 2 2532753.49088417 0.699268159435617 0.252433886651068 0.0435574192743858 0.000732062582398667 0.00276312746583665 0.00117853845658585
"3" "Reserva" 3 2320894.71399411 0.710259933407446 0.240016513579059 0.0435875512909501 0.00123282291701939 0.00333389413836767 0.00123703301537361
"4" "Pastizal" 1 2027745.90450304 0.696977647623457 0.257344802298428 0.0351549400812529 0.00455028780354526 0.00250897591559295 0.0032425302459251
"5" "Pastizal" 2 2345274.81994401 0.706890030644339 0.249764631884615 0.0357786700667685 0.00224650349348251 0.00288783243343839 0.00237563038094457
"6" "Pastizal" 3 1857556.4138563 0.724326325601399 0.239326730033455 0.0301334670167773 0.000770980244323755 0.00242783285679853 0.0029825693059622
"7" "Agrícola" 1 1187225.06295899 0.64012561259093 0.307624047951087 0.0367483219086593 0.00383359815395217 0.00282198381345279 0.00834860271208413
"8" "Agrícola" 2 1199377.84066479 0.657008107198867 0.293741250303234 0.038078020959871 0.00190524436267799 0.00330017261777158 0.00573814760687808
"9" "Agrícola" 3 1459249.0769583 0.650262881500463 0.301345832720984 0.0288333391948867 0.00268856150625259 0.00217960766078375 0.0145469779014769
