"maxreR" "maxreP" "maxreL"
"1" 1.32119295197416 0.399070832130003 1.02371652427608
"2" 0.454837503869568 0.221848769691975 0.243854506606588
"3" 0.243595149866861 0.636597675725558 0.150777615706807
"4" 0.0811677429421301 0.269643281721782 0.828494392755005
"5" 0.0612289087853626 1.72671066374392 0.394380446402315
"6" 0.580059791956743 0.106935375171869 0.161764160840044
"7" 0.524656297680543 0.158044143051425 0.433602006423488
"8" 0.53532383831346 0.0891177440193753 0.62409194260812
"9" 0.40911817290817 0.171637681807344 0.707291786319281
"10" 0.136263707425963 0.493319621999505 0.542671110201003
"11" 0.224415945105688 0.337588726128085 0.0422894697475589
"12" 0.273726747149947 0.947526480627261 0.0392278934787835
"13" 1.05291973477139 0.325923373274212 0.819681082387483
"14" 2.16353706387191 0.319781644112576 0.0757513860152997
"15" 0.0646194182084709 1.05472388226315 0.081890365459925
"16" 0.561621479479977 0.731644106849154 0.0176462271582579
"17" 0.892134802510708 1.71483697233454 1.05683415563127
"18" 0.266933853380627 0.170922687150975 1.23254351435559
"19" 2.66623571037871 0.407270748873442 1.83339815425901
"20" 1.07006013669987 0.400037783378614 0.286019048188322
"21" 0.58883586267151 0.292332291354776 0.245412077129989
"22" 0.655642358150993 0.525212694273976 0.176686976279567
"23" 0.0670342514388131 0.0967307811398544 1.21680529906063
"24" 0.420820500294349 0.715302222422402 0.527514132764479
"25" 0.285199240563397 0.225150388867425 0.323451422851774
"26" 0.147257214555343 0.528423707600148 1.93873813288398
"27" 0.885855438644301 0.285041495658033 0.235713722477326
"28" 0.0530045383052571 0.0527892600753029 0.40802466093051
"29" 0.100019369373348 0.0613117474248687 0.0286948150879197
"30" 0.477692979709411 0.115818948485845 0.217351503096699
"31" 0.410670809551241 0.189029665792221 0.515235038904257
"32" 3.57229904236133 0.608805067702582 0.0266697341434688
"33" 0.739338235634612 0.381154388415183 0.579167858172484
"34" 0.342600383525151 4.40466406708532 0.563896356129653
"35" 0.275349404826649 0.486555208729532 0.533318018381261
"36" 1.25019250751902 0.448378075229146 0.342476522407318
"37" 0.514268585018265 0.65619882678864 0.749839280710024
"38" 1.02486090583993 0.0837128273021236 0.2869019736053
"39" 0.0941768963761631 0.0587237630286349 0.087258172273093
"40" 0.855280557993673 0.432522214855888 0.116950738591439
"41" 0.169047119140859 0.532625829998246 0.0134111548352822
"42" 0.462576312708464 0.189069125036081 0.147839254393798
"43" 0.529883599307835 0.817725860816499 0.699386408104949
"44" 0.693747900880305 0.711121912205072 0.0194293379940891
"45" 0.237981501770726 0.887480909466892 0.905331344436993
"46" 0.962174203109867 0.730761470717442 0.548331714092788
"47" 0.792388982275604 0.548517603445265 1.41969508752902
"48" 0.39903248435244 0.279200466523631 0.263657713115424
"49" 0.10492947156341 0.319870655455028 0.492354841063384
"50" 0.154713403531907 0.576890962759272 0.575020579022237
"51" 0.411261710670612 0.393241133360016 0.0366531050000759
"52" 0.891426780484884 0.305711559759173 1.49993966847088
"53" 1.68559973612674 0.233018560615995 0.30748604971952
"54" 0.107297412355599 0.436280448080231 0.545944389457858
"55" 0.394573972787876 0.523305463514986 0.68372623677392
"56" 0.514403429392433 0.754813515484587 0.873902079378545
"57" 0.845269881833082 0.0564369512130256 0.29528950398842
"58" 0.26886910974251 2.15349016907074 1.95307876139677
"59" 0.096578023548159 0.695406827412174 0.627973986402421
"60" 0.204121623328409 0.227565385207984 0.28798856941114
"61" 0.291007988371639 0.666272735102245 0.515142676451188
"62" 0.234892778272065 0.916117734976157 2.54960637962054
"63" 0.535809254972484 0.731972084111086 2.20359251740513
"64" 0.851278940490525 0.53075530976886 0.175661471192424
"65" 0.723787695563139 0.103641620395266 0.0656975182224766
"66" 0.827595043840131 0.392568602303358 0.121205486753567
"67" 0.506112333049649 0.327771167503028 0.155364921258738
"68" 1.0556382086777 1.37124831002745 0.168883082920007
"69" 0.309416252257724 0.109255739559722 0.336557468082476
"70" 0.868453043297264 0.431820659206112 0.149071843562635
"71" 0.831819544329393 0.0750241189651435 0.429779539066298
"72" 0.0417995410303371 0.724994888508756 0.891795154369147
"73" 1.19838241037767 0.224237628452572 1.63564885289138
"74" 0.626804027622025 0.216142529597531 1.03278003856436
"75" 0.313302151965439 0.403430650506702 1.59920184760073
"76" 0.965661470649696 0.807432414734563 0.184899968164879
"77" 0.37180373197982 0.275161401562031 1.60622767699607
"78" 0.367007491491008 0.130450481919962 0.0147135573185509
"79" 0.400747574006917 1.64941422332768 0.0296695985527078
"80" 0.760437063070941 0.265700288003963 0.449193325506504
"81" 0.541111521171851 1.75328715514623 0.0282396081892619
"82" 0.326882143280612 0.315227777923666 0.212775062014988
"83" 0.786972819917681 0.861899617435336 3.68411567724303
"84" 0.479100350938449 0.0418447104715681 0.716759563660083
"85" 0.314824419810533 0.400099911378699 0.204944056761265
"86" 0.731440246880648 0.177674316641314 0.0466663839970774
"87" 0.300680522728335 2.52363946011711 0.196129541953348
"88" 0.462213454579287 0.39264374173532 0.319973598657307
"89" 0.635580970048708 0.384647280982669 0.332666586792558
"90" 1.18776247639449 1.30626385195465 0.38910111510603
"91" 0.127662982844132 0.166753457699197 0.303662097432365
"92" 1.1011556716476 0.0531013767343019 0.163481737919941
"93" 0.705606315623845 2.19486982174561 0.124148735008194
"94" 0.498056627738333 0.743949908878942 1.37496040437933
"95" 0.237239278667302 0.460579941495454 0.146190797037101
"96" 0.345123184399908 0.484330009805163 0.248334088932363
"97" 0.0788517298118322 2.69800614826971 0.0937655075758787
"98" 0.779502042614507 0.325666093912675 0.0168152593765418
"99" 2.48803277188977 0.423808853386998 0.524805691440424
"100" 0.651485293698101 1.00102281282654 0.572559489565092
"101" 1.09776254482345 0.222622168484439 0.417587298541743
"102" 0.310822220071736 1.26894836026725 0.278396840764459
"103" 0.388982215518948 0.364765576043535 0.12301439055876
"104" 0.831936888879448 0.0505359836668824 1.22974027290433
"105" 0.245764072236677 0.766936139381873 0.0706161464445738
"106" 0.774719979697398 0.346469998116853 0.224540954524971
"107" 0.236094769714605 0.457582448680187 1.28813105935376
"108" 0.622269179854255 0.0893086232676138 0.406652311899941
"109" 0.644570675507854 0.446199684461559 0.27302693213896
"110" 0.16915314684303 0.114355836460676 0.123553527147912
"111" 0.121400857812824 0.0254311647054947 0.205952809628233
"112" 0.253184207439636 0.049706702790579 0.923742207012415
"113" 0.298286360666944 0.105373648902157 0.143202709622411
"114" 0.570336024432685 0.0349213276764668 1.10456070746089
"115" 0.704020691116166 0.0741076646992244 0.66020650602688
"116" 1.03283954208803 1.3956932269629 0.257044135665583
"117" 0.550869887512872 0.673880747241344 1.73544434054222
"118" 2.31643368154222 0.732747812088631 0.0911896675895159
"119" 0.531648934950866 0.749899665183708 0.18442015493147
"120" 0.632558815989047 0.152634944827298 0.658303546431447
"121" 0.143597558234535 0.198585440404349 0.590372159571801
"122" 0.944720445004741 0.987060434357711 0.126336459792699
"123" 0.832042398684194 2.33641542462774 0.146006444357054
"124" 0.958089989289618 0.715205200167541 0.205219888610558
"125" 0.286617525028162 0.316158348260919 0.663176427360628
"126" 0.0399227068531408 0.581378469360658 0.33322617150171
"127" 1.86247372930561 0.0995556356128269 0.122237567529219
"128" 0.353376846880593 0.237688190239081 0.356252433023249
"129" 0.111780642840128 0.125826682767281 0.483964402701809
"130" 1.2688337045911 0.391359957491484 0.119710256320457
"131" 0.16034977207455 0.591431484934616 1.12811638895758
"132" 0.333456101108123 1.08897634880143 0.217454133436408
"133" 0.587772922787493 0.531410903918175 0.0897875090595099
"134" 1.88431090220185 0.0919044788795855 0.26604844049486
"135" 0.705902391030591 0.461181686701431 2.1216455048187
"136" 0.0431440603190998 0.345342961403732 0.165961254523279
"137" 0.366543320363481 0.164067263097569 0.0338142071075098
"138" 1.21559310724423 0.31867393738506 0.857070573034849
"139" 0.480756449640615 0.799301655993542 2.52027482326884
"140" 0.0789418851512821 0.530831083966843 0.572629538338624
"141" 0.347783875359199 0.81125825325317 1.2731290486216
"142" 0.404690136467434 0.585491680602488 0.349995533017279
"143" 0.407854416509902 0.42674961579685 0.192890855092678
"144" 0.246468500626553 0.0973629039175642 0.0991599196311221
"145" 0.416449806253656 0.426554590743254 0.587355101223062
"146" 0.203197363306509 0.753206747452647 0.0581449753764391
"147" 0.856587635612023 0.126715455449666 0.236741092666456
"148" 2.46466903383225 0.607890386968113 0.70532466527208
"149" 0.530381128105607 0.0441319749510496 0.30589466444462
"150" 1.81210386708223 0.322607719574466 0.0808847323626582
"151" 0.414642116369278 0.252533722811044 0.237383916432819
"152" 0.368672558390029 0.178374870513693 0.846873756914561
"153" 1.63412783942656 0.0117120635559396 0.0917104802455522
"154" 0.174793121788743 0.0267929100438145 1.03514641865131
"155" 1.92671655987674 0.959048948361868 0.215052638820885
"156" 0.378897184991837 0.158421241675533 3.34632637505531
"157" 1.08710598732599 0.249083883310267 0.041572158262778
"158" 0.0433464416465525 0.558002331527568 0.307272409711736
"159" 0.866123866785776 0.66530258992951 0.0273586307674737
"160" 0.595591316823066 0.401388902455516 0.01587416983398
"161" 0.118961681123734 0.174359270478747 1.61304707153782
"162" 0.245144925753495 0.338233998998286 0.191542489664329
"163" 0.723856729139088 1.54497636714825 0.666298838462547
"164" 0.751865851458863 0.830437227186294 0.152675307505127
"165" 0.612674145420312 0.356824007064735 1.13564134540611
"166" 0.390629145850088 0.623696295910455 0.0849973345092687
"167" 0.924152733143984 0.0656567230629377 0.179031646912186
"168" 1.99937733667292 0.3690569029913 0.490848300556257
"169" 0.543469567810679 0.601997232196681 0.566456942514989
"170" 0.411304139770729 0.4693791471607 0.827806669702911
"171" 0.455627242199551 0.778624250642642 0.0848842569258315
"172" 1.16019974021943 0.740155863389472 1.01096067756735
"173" 0.981875352737431 0.901481129660295 1.57980449336301
"174" 0.160664200802568 0.565011115441792 0.429794773992302
"175" 0.353599268604011 0.0974597656595963 0.150947391414594
"176" 0.330320128695995 0.368594567505081 0.373114731625801
"177" 0.402443706836315 0.328151382438775 0.421177996415313
"178" 0.138979245062556 0.426864446507616 0.135266518784549
"179" 0.870877230597591 0.0441767352342954 0.184299684089182
"180" 0.618462431039265 0.985888705907402 2.25908292151078
"181" 0.477369848396491 0.431112679081368 0.48803917332189
"182" 0.679761066095661 0.158975927237797 0.302730426781787
"183" 0.840215080493487 0.0175825034717246 1.08403170319681
"184" 0.0493294853219968 0.567068211132615 0.98388280077534
"185" 1.24374434678778 0.853920176095019 0.197424443423749
"186" 0.17595322591079 0.0883584678246733 0.112492395255483
"187" 0.46498321074998 0.435880378671532 0.0928089087074845
"188" 0.340218695501887 1.55674213629323 0.481261700016444
"189" 0.434698632050456 0.125164371715478 0.0310648344676172
"190" 0.866741670023917 0.534393413494288 0.199561909358936
"191" 3.011292109888 1.62683776881721 1.46352058974341
"192" 0.134232322001823 0.818153062889021 0.666809159309771
"193" 0.121315336547527 0.723485086168945 0.48417726896375
"194" 0.414911363713444 0.33152589325312 0.445231769164157
"195" 0.103363442082398 0.361130641417214 0.0446372695445205
"196" 0.322059259438203 0.0577941784686584 0.297051934326005
"197" 0.125073865466094 0.145471432941431 1.5157097103075
"198" 0.143042963894379 3.12132179656822 0.801914988329996
"199" 0.476335099314595 0.119223404999556 0.840658075489955
"200" 0.570727254639236 0.343839898551813 0.841080628662939
"201" 0.822491419977059 0.591473836235329 1.09328036512887
"202" 0.318557263124876 1.09758074597302 1.16596850982284
"203" 0.309917583704192 0.262154300907362 0.231547826028942
"204" 0.134914610603828 0.351439221801075 0.0557330485118355
"205" 1.60485490629893 0.203274597614473 1.33483290069741
"206" 2.04059691306229 0.710892874110812 0.061174882882572
"207" 0.408341447168305 0.45451937926489 0.0119212808022168
"208" 0.723537741589981 0.612595840561477 0.106582193563585
"209" 0.364740285898688 0.246048793862603 0.0357218153400111
"210" 0.0169581892793302 1.67292455639367 0.769350459521258
"211" 0.370320683773302 0.608771347492208 2.01204409529013
"212" 0.0467495535790225 0.315067512804806 0.146463027573425
"213" 0.112522825020041 0.244401833155898 0.452447440326073
"214" 0.0659209043464489 1.21949928270781 1.24089178785738
"215" 0.654652705718882 1.70215594130946 2.09009980415144
"216" 0.348931851825506 0.117023114828693 1.12621928055712
"217" 0.617465539942113 0.612174738366576 0.558063719671955
"218" 0.609545993673099 0.225230999273191 0.367938093505034
"219" 0.358879153923887 0.474134525157182 0.0899009955362827
"220" 0.324458309087101 0.326749011453979 1.83333141872755
"221" 0.530303748546867 0.407741903436353 0.2345033746133
"222" 0.228977414671052 0.262848288731845 2.58940610094469
"223" 0.65113365680366 0.721509279938297 0.557994223765213
"224" 0.949216168253821 0.210865964975048 0.312484926207571
"225" 0.292544959865905 1.02993952411219 0.274998259504944
"226" 0.144053532169086 0.0974211654151776 0.0469111224012122
"227" 1.50844567272718 0.297952599758312 0.8913416297448
"228" 0.138012919682976 0.213525072882378 1.17433080618225
"229" 0.541888997628369 0.10063791538492 0.148430711727874
"230" 0.723355771991225 0.987773167487434 0.219910823671005
"231" 1.24620205406658 1.1389514292092 1.07995899861502
"232" 0.0941047925660939 0.48821559664011 0.104434073230916
"233" 0.836702610293717 0.0756284531981438 0.0411888157329032
"234" 0.0694526924097456 0.966655492422333 0.651767831492632
"235" 0.31510911787845 0.530598710130115 0.613013983512212
"236" 0.714792170316364 2.32576023757231 0.0865711869443064
"237" 0.0932383772491004 1.08741045806352 1.72299968627145
"238" 1.61627952084668 0.190641632488324 0.191898748498111
"239" 0.282525436679395 0.814491198860282 0.451856386366392
"240" 0.117297537611652 0.118656453052766 1.22193349932997
"241" 0.376493215535593 0.286149304412106 0.0285599519124708
"242" 1.80267845711471 0.697944496091376 0.682719838201457
"243" 0.481727113744945 0.119304401101392 0.299579557937823
"244" 0.670768118931911 0.245094718946104 1.06493866354062
"245" 0.977908518564509 0.729927204033611 0.140382221310084
"246" 1.53412010888084 0.912332581458348 0.0575960907094043
"247" 0.4447895708923 0.366456274062456 0.597377699314154
"248" 0.123304581632783 0.348714962450016 2.95450149046626
"249" 1.19813467546221 0.0359678515834146 0.393845930444358
"250" 0.709987940760685 0.488208972895803 0.380608268733621
"251" 0.710059767922621 0.797792816633523 3.00608270223736
"252" 0.202526147113127 0.177895769122463 0.38994426404145
"253" 0.883458671838141 2.82078704708272 0.458692211500287
"254" 0.373887846886013 3.78177479078099 0.268070486016991
"255" 0.226818283596097 2.66256598796591 0.466560935878108
"256" 0.31585228739544 0.256081483383117 0.185173579676206
"257" 0.686178541698017 0.049919480089324 0.0680924332766047
"258" 1.68170443490036 0.0684277374231312 0.671495436625828
"259" 0.28464589336643 1.10888731040064 1.48490197623983
"260" 1.50185280003913 0.0878771282852062 0.438722557390531
"261" 0.0891496813702328 0.187807989988796 0.432544968895695
"262" 0.371509145813679 0.0917856696320405 0.115544297304151
"263" 0.697974623402199 0.157498647392701 0.0660255282095203
"264" 0.0588373662640474 0.927532200290315 0.519051470557013
"265" 2.26437003250344 0.45137750658964 0.380363907277355
"266" 0.453086729263568 0.395692154589934 0.207461259725717
"267" 0.175981605093671 0.162806448815896 2.73564390829863
"268" 0.81160956107867 1.98026760360582 0.247702734521708
"269" 0.264859440508713 2.03793584268859 0.458855182536269
"270" 1.2385161170776 2.46177373264321 0.12199497837146
"271" 0.818542416013377 0.37491636643039 2.28211356315412
"272" 0.256602847255661 0.172105541225715 0.441523986047701
"273" 0.448865179195487 0.303270583042425 1.41918762549747
"274" 0.169571318763486 0.586041487664347 0.179616507638187
"275" 0.419697132848535 0.255891547662855 0.00882628060765218
"276" 1.29782174429822 0.449263986005705 0.330042289758787
"277" 0.163625995689304 0.649892955320612 1.51987187832357
"278" 0.628950072980337 0.070661963155449 0.803670064823971
"279" 0.4904376581518 0.0772455237481981 2.46770794602863
"280" 1.79421966210481 0.523291695264825 0.219765224105374
"281" 0.552305255260662 0.113796440032689 0.0679386188135001
"282" 0.315820170631467 1.84846010091602 0.182586630565238
"283" 0.212029447917931 0.283473039427745 0.0333975461316445
"284" 1.62087807682303 1.98082409631456 1.85159960484291
"285" 0.27692726914039 0.126932948416351 0.0813207640319526
"286" 0.295129546863771 1.17671230653983 0.144576099446811
"287" 0.289883973194018 0.418558757457356 0.317808517989642
"288" 0.200920341165586 0.461614872733128 0.196179170615045
"289" 1.40909798825052 2.544193042705 1.56787390330872
"290" 0.919766824414637 0.792745108552833 0.544269397346877
"291" 0.546112107992406 0.340225662357834 0.768527748956473
"292" 0.7516714882169 1.54364582171354 0.23618731593644
"293" 0.938119034492785 0.407208599703657 2.18619876985024
"294" 0.0838969923617645 0.269179347357179 0.0323421575778545
"295" 0.734547602149211 0.846128257469565 0.02818826675416
"296" 1.58422373980073 0.0813525796667934 0.125776425208027
"297" 0.365441484674321 1.19220004521361 0.848585411505159
"298" 1.77029033687265 0.17685722083377 0.35409169477904
"299" 0.0320385155576065 0.0796767861891791 0.103259014143579
"300" 0.473371009231724 0.0599309590412052 0.0286973251619854
"301" 0.758211864148021 0.353724605772662 0.165176983426016
"302" 0.429939577385769 0.0716826228139643 0.0468430999215932
"303" 0.855742118557478 0.177820259475749 0.148161654585804
"304" 1.13954935014671 0.627383417841367 0.283644006628867
"305" 0.0887024560114306 0.445052274096347 0.0697479638063354
"306" 0.912193787601777 2.24985034680518 0.135791603477487
"307" 0.242207068976136 2.51962190397223 0.228734173887586
"308" 0.917358642590044 1.86613491750778 1.10859117211334
"309" 0.421093134484937 1.13285982225856 0.386078900219745
"310" 0.212672298172221 0.36218982735129 0.196829586324769
"311" 1.65035974196829 0.0538865501916014 0.475495590537139
"312" 0.0931544802258582 0.296197454151976 0.34286806333988
"313" 1.46105541037558 0.498129220990149 0.905515162037239
"314" 2.12667886905786 0.127610815588051 0.389180419844859
"315" 0.0612902931051442 0.465521338029785 0.158944980432656
"316" 0.0888053508491697 0.108741808403986 0.0986414727515905
"317" 0.51524373488909 0.386293985774956 0.389831358208147
"318" 2.07818005502687 0.171147775790177 0.141975326450769
"319" 0.974230381934116 0.0872169703206089 2.14954637911414
"320" 0.149162465032617 0.815255250066661 2.01305454146988
"321" 1.92245971413236 0.157052948058566 1.03235617991007
"322" 1.12941335796055 0.796224588180463 0.344845110359494
"323" 1.62995771118018 0.0209445106580558 2.9298731411421
"324" 0.48700807105419 0.102876290508544 0.307766050319027
"325" 0.677312100877259 0.159381314601147 2.16218043827576
"326" 0.605029231769334 1.19206581869724 2.53789866907658
"327" 0.272898795756752 0.857958625921975 0.0713180095587407
"328" 0.83867901157681 0.607834862176898 2.01131261567169
"329" 0.870946032160477 0.432519902505725 0.115173956455857
"330" 0.312732121849551 0.0450058646793012 0.277057111792715
"331" 2.33235843992393 0.0936406385151852 0.138857819127408
"332" 0.244586339238693 0.162075723328139 0.0520727247929444
"333" 0.656490034418801 0.100333280303612 1.8404526217824
"334" 0.18715325177246 0.710967257535791 2.14105069762986
"335" 0.653876768103603 0.232548681037024 1.78330154847623
"336" 0.522057952790256 0.124242859438581 0.0737603018949545
"337" 0.329565596088636 0.292712015145768 0.200387103937118
"338" 0.145585491678852 0.512258141630477 0.0353313729411692
"339" 0.814572851735708 0.175433431532321 0.747877862207767
"340" 0.499723356587655 0.0995329686681766 0.107809760063554
"341" 0.145545682185883 0.195910597020696 0.27163470710737
"342" 0.567825044663921 0.448651054726508 0.556960703759007
"343" 0.2337383442286 0.461519738675809 0.49548574581032
"344" 0.0657780140661951 1.32567905880823 0.182486348562893
"345" 1.09290274021057 0.131306544220827 0.164500649266821
"346" 1.99396740568405 0.448330601681997 0.0475078153498119
"347" 0.19899242252023 0.395318187184974 0.0306368852146782
"348" 0.211882175246757 0.323673876874701 0.0157600100215039
"349" 0.669118106548996 0.321950558068414 0.211868879153979
"350" 1.05218760115276 4.18581599145537 0.408721248479693
"351" 0.363616027468896 0.0848314074355583 0.539159910777084
"352" 1.5816554400523 0.0725832095870722 1.51086667718957
"353" 0.654093298229764 0.197158620920576 0.205912914991834
"354" 0.782821281300204 1.32880476283596 0.203394346913885
"355" 1.34835566787176 0.19814327421159 0.312007708119563
"356" 1.19702252188106 0.503900029181136 0.853342366178967
"357" 0.55417729934461 0.175620202766757 0.160310734926626
"358" 0.430784605895044 1.25504075223411 0.390673633825587
"359" 1.1562088168788 0.546497612225393 0.218088815759525
"360" 0.943584023149558 1.1166058875346 2.95153620257702
"361" 0.130107188130105 0.42646201168755 0.842040753442758
"362" 0.270803000462801 1.20404288934424 0.511077288489719
"363" 0.310387362780801 1.55413087883534 0.328197454170381
"364" 0.736996946833208 0.277339142219462 0.302878922627949
"365" 0.0803698622683825 0.727976374557321 0.316610306158945
"366" 1.19532216739561 0.492426040236539 0.0312112743464666
"367" 3.20944759081062 3.39860318392683 0.318580936302002
"368" 0.240600115591742 0.205555627798298 0.582154175133301
"369" 0.221887550015451 0.229052793358727 0.103041207571705
"370" 2.90640299264273 4.35778125755746 0.595890136260968
"371" 0.251797379170276 0.468568203105502 0.0893881099311847
"372" 0.173290706369776 0.243677030313494 0.207296710977225
"373" 0.250914740621077 0.0900135251036529 0.586164655202308
"374" 0.385952818525 0.0409446597711796 0.756489727022992
"375" 0.379403759318573 0.220123033125145 0.0380689275995934
"376" 0.230358182856193 1.17573886139822 0.285650539134723
"377" 0.152369546967546 0.234985272303789 0.610031548486964
"378" 0.560410694584448 0.80553841681296 0.373507443618226
"379" 2.22687397987376 0.142432551060218 0.235497228303458
"380" 1.19127604203869 0.029262347554911 0.788263942158966
"381" 2.14357594376816 0.159544232885534 0.166643777314373
"382" 1.24262349363034 0.213129021261611 0.0283698319269036
"383" 0.902197546204184 0.0938662198252802 1.04100073902862
"384" 0.888166872234834 0.198439672136333 0.253952758388616
"385" 0.433873826518322 0.182858542605513 0.163670124081996
"386" 2.17961713720192 0.474153230973022 0.623323204337934
"387" 0.470269801878821 0.306887145320099 0.553117875376546
"388" 0.44429907094495 0.170813693188595 0.539315224664867
"389" 0.87061896587624 0.160164216535381 0.64804201298678
"390" 0.972866116913344 0.646152872119365 0.0177992247467106
"391" 2.37183388700994 2.25643561271251 0.0618265208699692
"392" 0.640198559981296 1.00227476479005 0.0147535949683557
"393" 1.56262580234887 2.14442113071592 0.0803411689013052
"394" 0.396393250526045 0.246248749365645 0.260268830311504
"395" 1.71383613793849 1.20461229026289 0.0238071820779963
"396" 0.277921875501313 0.461379182132029 0.290041535945864
"397" 0.572670252463501 0.0393403842932836 1.89280727224963
"398" 0.54773934262897 1.04032403524607 2.83314174964789
"399" 0.33580104551524 0.165125796393269 0.0330853792411074
"400" 0.560685510424467 0.139496645225164 0.192958527922122
"401" 1.57439093616577 0.0521550721913167 1.61019304574367
"402" 1.00929988074618 0.292559832470479 2.87323202549243
"403" 0.0484513429737571 0.0993269345901957 0.47905353117107
"404" 1.6491791948281 0.304993198781101 1.37626598873992
"405" 0.144026582022211 0.0824761542772553 0.400285394210767
"406" 2.61172188303958 0.913350104877207 0.711033024884806
"407" 0.0861016168992079 1.36415808310733 0.10923267486817
"408" 0.134061418299502 0.146381641148288 0.258356837149367
"409" 0.152213625987646 0.187803674436083 0.254148881890462
"410" 0.401145202170083 0.311295451784947 0.210739596173696
"411" 0.546048722491983 0.393480599765097 0.38710495924345
"412" 0.873061849718429 0.130665528225957 0.269422054322385
"413" 0.124178130352884 0.183460564326052 2.64110741340558
"414" 0.551009552242502 0.0936760183654619 2.48912516658557
"415" 0.398561681178234 0.261190805842894 0.0468233040034325
"416" 0.495949244745714 0.403958565668244 0.0675622953755163
"417" 0.260962642249793 0.0894403568984805 0.807951936447898
"418" 0.340803725515143 0.382224894684416 1.35011767151432
"419" 1.38919509447181 0.0706208728910971 0.430345996075939
"420" 0.312707076953822 1.54620419425645 0.641028425191746
"421" 0.0977051038400227 0.0787017208417239 0.0858149300116189
"422" 0.59298627485266 0.703004870817908 0.319319233386829
"423" 0.128118915614432 3.00489621818209 0.0633242748209867
"424" 1.55836165107534 0.723228300845834 0.24850519779741
"425" 1.54535878075652 0.240948600351556 1.84091741966908
"426" 0.243216605961244 0.182826973996443 0.0665903266184176
"427" 0.721089066395752 0.508153506161807 0.0349285514738112
"428" 1.66485801712889 0.0399255052489512 0.131571700984977
"429" 0.326841466830128 0.116032364643772 0.0659051502416241
"430" 0.740426992040245 0.6076308726755 0.0705603970381575
"431" 0.266295542123186 0.646399250153275 0.260322573559673
"432" 0.315316103656988 0.781149273136698 0.274551527578669
"433" 0.528625852513263 0.18599882412303 1.48071227552694
"434" 0.220049266340612 0.332707945573423 0.431227187153424
"435" 0.542687482662557 0.0781152043610664 0.033651900483871
"436" 0.474659444931568 0.277475233023089 0.213766442441893
"437" 0.45346318873069 0.540011498977596 0.023171273363972
"438" 0.104505415925209 0.254986397668535 0.1455480145246
"439" 0.113084887467086 1.52885159610318 0.763787963818366
"440" 0.0196918639860261 0.407024093440139 0.598294908162997
"441" 0.641804610531663 0.401997669336855 0.259196227425059
"442" 0.707478084108891 0.347676692113932 1.50842864733643
"443" 0.0589829939725568 0.174570567473975 0.185848309094919
"444" 0.169426405928563 0.527490724562403 0.814508538032195
"445" 0.248055534811334 1.3006845257871 0.199958526926624
"446" 0.255256922541647 0.820976352204842 0.66084559375048
"447" 0.498835044610905 0.175396198487123 0.374322876802172
"448" 0.107463642756659 0.510033123612486 1.19734285669746
"449" 0.404216135215487 0.518359850790286 0.0962998379490882
"450" 0.605306364424635 0.34483862526505 0.72613512284015
"451" 0.0440654674148492 0.405068533147841 0.24082214831107
"452" 0.397956636276244 0.61618820291649 0.16008241406275
"453" 0.141282442842072 0.0676662549387962 0.966700010456948
"454" 0.562599157011654 0.770984434363955 0.107612733862228
"455" 0.431800310920634 1.23355115784962 1.4057857321274
"456" 0.562922675282302 3.41392556371256 0.202363240186666
"457" 0.0380931249296346 0.820092837309685 1.33957855001414
"458" 0.215000657397918 1.08938406014337 0.0835749153249226
"459" 0.401401019216317 0.478506717562505 1.88961546430042
"460" 2.80033986670597 1.22026960701963 0.0571264918080724
"461" 0.36130002180813 0.41870542632376 1.41988410752342
"462" 0.229963306171399 0.642757204638659 0.433730587596064
"463" 0.675870707027569 0.22750964206224 0.131704255119499
"464" 0.477057326764035 0.56638667825962 0.948646351645256
"465" 0.565588078757336 0.0977846389297993 0.314869845491082
"466" 0.30492534918796 1.28118592376766 0.339592194812311
"467" 1.20996031278384 0.189048006244797 0.198082750504949
"468" 0.235414335146148 0.870607956973475 1.75010279535856
"469" 1.67924832767209 0.369600342579968 1.34001785986261
"470" 0.992958691605696 0.0806655241465086 2.21875388566541
"471" 0.134939580489895 2.49408033043458 0.209299674893745
"472" 0.334649809649239 0.962426414391535 0.100897365242528
"473" 0.429953202681673 0.639070707273437 0.118073856421036
"474" 0.0298587758085001 0.445949607312352 0.869472033246836
"475" 0.0715624919584354 2.52173108912166 0.101605015770268
"476" 0.150246382484124 0.0839280199147717 0.298151641249927
"477" 0.282110308613987 0.396722625045017 0.0295910898679126
"478" 0.760636947604373 0.0134524035896469 0.256296520583035
"479" 1.91852810918466 0.603211698810938 0.132336175288172
"480" 0.824000864703118 0.901736740073068 0.220418372872246
"481" 0.277446829830006 2.42346646932825 0.240728541893238
"482" 0.358931266499261 0.200023485582052 0.242653959102339
"483" 0.294426618452364 0.114540242079787 1.38370071754603
"484" 0.266493979580786 0.4259416567268 0.147468990475569
"485" 0.627698037737085 0.406428498070019 1.24750762487479
"486" 0.377374014727863 0.534125787106446 0.391924593855627
"487" 0.755738700220574 0.751912904598944 0.545022750797824
"488" 1.14589454957286 0.631233207730914 0.258938197503351
"489" 0.341742916225548 0.581611071239871 0.0379318754902624
"490" 0.0586760896134146 1.33482190795095 0.28540319648272
"491" 1.09922195126218 0.517639135732932 0.108770105947376
"492" 0.83603611216618 0.423387061516591 0.236238892876459
"493" 0.415432179476372 1.41882245305597 0.127080650202619
"494" 0.423045000024915 0.0530515852592393 0.518303902647691
"495" 1.49016095839691 0.359475985410034 0.128741394437653
"496" 0.607241516074891 0.171187865748124 0.0243461267645249
"497" 0.118550735678854 0.361033956994198 0.327771338395795
"498" 0.0934893898804021 0.35720711762354 0.0660341260606312
"499" 0.593018651160972 2.81198921836104 0.0953260678617782
"500" 0.134556660478096 0.474296613846323 0.0974148465536553
"501" 0.339497461283143 1.79347350391318 0.156126349656392
"502" 0.111294284476347 0.217160227562936 1.10432861045186
"503" 0.408156983581031 0.703204036068715 0.313125956459576
"504" 0.213768268390108 0.0503000160367285 0.385533922974334
"505" 3.13685880811248 0.174061985765135 3.38491069097658
"506" 0.0796349346397329 0.897763691413677 0.0429743648778607
"507" 0.33574253949703 0.267122475498423 0.150628413770051
"508" 2.42554112400509 0.301979673018685 0.417218942402028
"509" 0.278847317767549 0.362565592216558 0.735667425091445
"510" 0.458804344070585 0.327394368204565 0.533763639681179
"511" 0.705093405203934 0.628046250516601 0.598774617641566
"512" 0.546528859526347 0.378422886894898 0.532840828987431
"513" 1.68702186256929 0.837523734863577 0.261634870495945
"514" 0.229733478614514 0.701964898009552 0.0547344554567382
"515" 0.258228538644311 1.05881038680325 0.0183593183178474
"516" 0.549702021734461 0.516634821608361 1.22758347930763
"517" 1.76710597222483 0.539941218772166 1.25486979635828
"518" 0.232067607443153 0.588843161339358 0.0376628323909932
"519" 0.502284657030564 1.61239027981781 0.122628444452634
"520" 0.670076608016173 0.386424216636254 3.26561895487485
"521" 0.635318195298292 0.29334460023889 2.24903099524743
"522" 0.632114439146617 0.147987832341385 0.837671210990374
"523" 2.32787500820316 0.0775458806511515 0.282798331213131
"524" 0.5168911279838 0.326275710594774 0.435407164010599
"525" 0.363086240607936 0.194804982176874 1.1891467154979
"526" 1.5407680943897 3.18317754787417 0.513867290771802
"527" 1.55975303198708 0.42730172876835 0.286042741459226
"528" 0.383677227149508 0.55953758178671 1.43017019627882
"529" 1.52632294920378 0.821621729168692 0.113581102772969
"530" 0.416327029347269 0.498932553892719 0.451204678374229
"531" 0.462654296644634 2.42732364145196 0.873645955130419
"532" 1.72282040863149 0.927513812389944 1.37812108757006
"533" 0.933686345489812 0.33887398350016 0.200167332381603
"534" 1.03675366885543 0.0872945734496673 0.0759711806532277
"535" 1.2743285115221 0.879985684896194 0.164401024568814
"536" 0.643260388437381 0.57032488509463 0.233224171205943
"537" 0.933530816955614 0.406313190542283 0.433284558260646
"538" 0.525914529337752 1.51260792360753 0.194310850637575
"539" 0.136145059396809 0.638504152892163 0.42801139920569
"540" 0.175289119186453 0.32748689888006 1.08516833076762
"541" 0.130109131760119 0.114227031619588 1.18765198149317
"542" 0.37624237524096 0.410074654389979 1.08927576027824
"543" 0.637718759541174 0.093157183303786 0.115389451978399
"544" 0.229999875127466 0.166863863123731 0.197545898426763
"545" 0.204266250071509 1.26969739176442 0.0387258603769631
"546" 0.206728876693368 0.160656428607338 1.5639285472893
"547" 2.20904878659419 0.110402771631302 0.345599870481204
"548" 0.715251002251383 0.662898609668782 0.130813854446971
"549" 0.360387388516444 0.355946717063986 0.623465602352712
"550" 1.58066587558691 0.723078615080308 0.259791026671152
"551" 0.458064051006655 0.779522606043092 2.99382690256022
"552" 0.208571232651059 0.552226720364533 0.403175746766986
"553" 0.261837420157094 2.21021111223242 0.183085435533126
"554" 0.538162753421097 0.179193383170346 0.734912665358946
"555" 0.570542111589995 0.405445545501588 2.45296815423757
"556" 0.654232109333734 0.334090245213583 0.0116848655125701
"557" 1.02028314870599 0.375975790134565 0.80005120946998
"558" 0.633512533221059 0.772746911634518 1.35780653996649
"559" 1.10237797585415 0.0555625600891827 0.366424684884172
"560" 0.0562893385968468 0.198037992721396 0.0664437102606179
"561" 1.32779965081886 0.425790986436533 0.345761616187994
"562" 0.451504606103218 0.664953593262692 2.23385734008002
"563" 0.104853347688476 0.503472458194206 1.6637544348481
"564" 0.0775865514620571 0.0265961409506516 0.0982000225185218
"565" 1.65053360896725 2.15165367523537 1.25111368755006
"566" 0.0313466431064549 0.0622365848486497 0.399964058944742
"567" 0.115628710754886 0.742495305740852 0.805082828211903
"568" 1.61214471066492 0.882978121561831 0.682683733182972
"569" 0.671069980317918 0.501712091746529 1.25187222346507
"570" 0.219260878650188 0.414989363670687 0.210763254746267
"571" 0.165573909328704 0.149315882140648 0.396623241812416
"572" 0.595754444179034 0.938533906312734 0.403148392500954
"573" 0.575599111318079 0.130324339070046 1.3348328196332
"574" 2.83156235109159 0.120382842053237 0.186887415155405
"575" 0.579705012167858 0.527105126283787 0.396656822361209
"576" 0.757067330966202 0.569901830660695 0.372067383536877
"577" 1.79452772987176 0.139467076442515 0.822261937175965
"578" 0.40674208861503 0.321494047414569 1.6019655521535
"579" 0.374313439431903 0.105443884466149 1.04545137730994
"580" 0.635648074580545 0.49418656598793 0.111040598905248
"581" 0.675213954414222 0.432414493910119 0.0848540043206062
"582" 0.98773104897233 0.836525697180428 0.0567721769652342
"583" 1.64300223572933 0.370503553168506 0.092483410936245
"584" 0.788211485520938 0.129145358687195 0.812831136006563
"585" 1.13527319923813 0.162135349345502 1.37747133459551
"586" 0.330679930191578 0.237430576292475 1.85321170679771
"587" 0.404877875902212 0.381668809831123 0.78081548230821
"588" 0.168995188706462 0.049561193429987 0.462206527705396
"589" 0.802027675894386 0.481760505167189 4.69432914689061
"590" 0.0274793409356631 0.139413138429215 0.195108220811062
"591" 0.549037169394748 1.2502321129792 0.0271082473707747
"592" 0.514699181473471 0.569603560893561 1.1027160763094
"593" 0.15903691836392 0.533508093630819 0.734883241385582
"594" 0.247687569782965 0.569532829944279 0.240011560441435
"595" 0.937360494007623 0.627575817760721 0.489063779641491
"596" 0.27833719467696 0.486069167883125 0.0934331793963934
"597" 0.391433408299243 0.424717947088178 0.578869148779155
"598" 0.441173327942308 0.325687798401622 0.288848113645574
"599" 1.00825069269528 1.25682087701634 1.14223180184916
"600" 0.807335600168835 1.56734013763036 0.964497579081186
"601" 0.951229936233187 0.329382096906411 0.313285931160161
"602" 1.00813305243533 0.10003494401154 0.259624764431772
"603" 0.879406663470429 0.892603580214664 0.332481453236533
"604" 1.57610438647704 1.76280267852377 0.877349549882769
"605" 0.7736755400775 0.325709776157525 2.4304841912964
"606" 0.653572958184319 0.327555735848718 0.139335723472963
"607" 0.968975320788093 0.166544088414428 0.816882308682211
"608" 0.250055690480255 1.55722069132396 2.23812769707471
"609" 0.450977211121012 0.265250401833911 1.10435001981023
"610" 0.603717165471055 0.160459602588132 1.1672688525208
"611" 0.354044618811948 0.655950361013763 0.120586839058513
"612" 0.419835451792754 1.91960601309168 0.627362416960131
"613" 0.577172964089625 1.59543887301209 0.0791855125938977
"614" 0.564699902764345 0.31218519549156 1.03035590216561
"615" 0.681041000050361 3.10683777101323 0.679408827634278
"616" 0.336296741461616 0.0529368337916414 1.22102212972998
"617" 2.28884001583713 0.401004081027098 0.511416869262163
"618" 3.14705357808906 2.97643438757414 1.09410862381015
"619" 0.569233314715515 0.441810190233444 1.48188963692539
"620" 0.145348781641478 0.14874667513289 0.127842468832346
"621" 0.198367946307466 0.578287848363657 0.421810155431091
"622" 0.611129821267335 2.78406812606121 0.495108944955551
"623" 0.804998205925701 0.552649087800354 0.295168782884311
"624" 1.35865195863507 0.182961831388456 0.635649631388461
"625" 0.316354104742408 0.0352246621951466 0.881437698809926
"626" 0.0965701790032567 0.0581259263400386 0.19745445434678
"627" 0.842836365148824 0.1134839755482 0.597346984779675
"628" 0.860696452189348 0.267381389736449 0.474650277133416
"629" 0.383894494735232 0.155598649338114 1.29137424959667
"630" 0.222564539998288 0.72705554103033 2.84770066071258
"631" 0.309813234163422 1.91320215024974 1.70129898906832
"632" 0.969636235315367 0.410443094412692 0.411513397426185
"633" 0.669613487402388 0.130725829207821 1.43983487420274
"634" 0.31953465779826 0.271050913559264 0.494470590094495
"635" 0.177023349544325 0.195313250078024 0.404039736236694
"636" 0.862070094028244 0.282205016021851 0.11773819751095
"637" 0.820306194069118 0.170324045852804 0.214153764459241
"638" 0.989955797747888 1.71458499801251 0.406706988315797
"639" 1.43490939694833 0.327440815516015 0.204912002060743
"640" 0.478681505188636 2.47195812856013 2.41667901699072
"641" 1.65833701733356 0.168623489340725 0.594425977921039
"642" 1.20109123846871 0.138726675659013 0.107562279116805
"643" 0.305389759183894 0.393485970082071 0.552744273190132
"644" 0.724817767922 0.295434840122162 0.37709051889006
"645" 0.196549523507843 1.61488669140925 0.52437190980117
"646" 0.467326901539162 0.626122726547995 0.627709582395638
"647" 2.97518083460959 0.573783910039662 0.322024197268401
"648" 0.192079411482096 0.319942014189193 0.444466630404188
"649" 0.0474205935575363 0.592299509807101 1.26268150236997
"650" 0.488701345057086 2.20981625787013 0.253116008067095
"651" 0.876021786022232 0.118317678262236 0.146689492013045
"652" 0.73013888273126 0.701313005987864 0.909594020512893
"653" 0.397837860016502 0.490060964523164 0.421683593479933
"654" 3.10977502869204 0.68175979215437 0.339915393982539
"655" 0.856777029434334 0.789091610121924 0.290899555580328
"656" 0.497889686071121 0.063963890827745 0.385336464518083
"657" 0.364108364311363 0.241738007919937 1.35991542808468
"658" 0.414243305289436 0.0689242650401966 1.30945121252092
"659" 0.345015142132866 0.167583034812611 0.0727385171026076
"660" 1.67959476073958 0.372495084010054 0.371402861810468
"661" 0.0705089699934134 0.266809964402003 0.172917764680105
"662" 0.550188895437114 1.19182933020127 0.498435885690838
"663" 1.56045281834185 0.070926569635455 0.127936893755756
"664" 0.19822585130512 1.05252862414633 0.0814378238330582
"665" 0.0750151188051753 0.160155018435241 0.965063623420054
"666" 0.055486964847547 0.83466120223425 0.409439031942007
"667" 0.123874111425897 0.960931719246122 1.98524721291872
"668" 0.669763243156373 0.731694033900233 1.5498896498547
"669" 0.0448119304355836 0.684056313972193 0.0732946288610153
"670" 0.179792358178721 1.21042374294796 0.194533981379158
"671" 0.63436399037206 0.508780965430072 1.03555199181681
"672" 0.42592546706596 0.730556959246673 0.174388011183009
"673" 0.729191011666011 0.52102796376498 0.0634203668671927
"674" 0.165283912560695 0.902004466820251 0.0511350971591021
"675" 0.452221514369266 0.187265975716304 0.408327221187361
"676" 0.227690067071271 0.43474169617535 0.761290366690756
"677" 1.11169041296098 0.11517562583346 1.23441319552033
"678" 0.377865692768494 0.617274433805448 0.471748536904389
"679" 4.93600934338995 0.123388877614475 0.512504875767399
"680" 0.452829702520849 0.395325297577143 0.372710612987822
"681" 2.78534189508808 0.382448854872292 0.0945226706792148
"682" 0.547315086404988 0.418771003125488 0.0533910992331212
"683" 0.193084653215452 0.720241165466754 0.062195020427417
"684" 0.814149131585225 0.545190424765073 0.0228039711553434
"685" 1.85658855936363 1.72792757651045 0.496409072713889
"686" 0.210930132998004 0.0772374921803038 0.150619768445539
"687" 0.098203282121925 0.0810740543073684 1.10174734072662
"688" 0.253129805542576 0.12556799614044 0.369909023207304
"689" 2.28600380684654 0.35460377910938 1.23095723873956
"690" 0.0216652763153251 0.381092415788909 0.106917064998796
"691" 0.0401443463506727 0.073451627125029 0.368355135926429
"692" 2.80975834975699 0.657808780564856 2.69089248968547
"693" 0.156050667118815 0.408683762962712 0.0609638115308789
"694" 0.245064524467806 0.120525453762657 1.22192496277047
"695" 0.880788898752371 1.2166678155559 0.140183944247251
"696" 0.105828495811733 0.0848083104651318 0.181566226681541
"697" 0.0777329670364039 0.529519729091911 0.957998689852134
"698" 0.846745760394596 0.413086509250991 1.18510712765917
"699" 1.81315409348113 3.21099335061093 0.328718337869438
"700" 0.148373535551438 0.0567543252370007 0.03755754143601
"701" 1.63199507217728 0.373260174617424 0.124250981429323
"702" 0.463767798890979 0.0679302117552728 0.662917629406485
"703" 1.09208770919543 0.47607000102778 0.0541264586451268
"704" 0.580232503116561 0.78649946072006 0.146199399715601
"705" 0.512998316222374 0.112340246913438 0.0357031984122671
"706" 1.41990533143003 0.668300586054634 2.52726273848636
"707" 0.0741163471988483 1.26275425384122 0.197276629780881
"708" 0.0511160347524244 0.958991799308551 0.0469518022263763
"709" 0.83155856936806 1.42237506103612 0.401054518090993
"710" 0.580710180071293 0.30376820585082 0.0860509191897766
"711" 0.362794685600415 0.0613419143700903 1.14180815588129
"712" 0.254278842149573 0.672931782008864 0.0636164329514207
"713" 0.0460145616690376 0.250844953026423 0.888948928619127
"714" 0.4967547757563 0.144941420341218 0.109750851048802
"715" 0.539735088628225 0.562953969865759 0.132640522655205
"716" 0.112102047948023 0.347631694951519 0.128791072071715
"717" 0.411218535093063 0.25392120967867 0.583772520877287
"718" 0.399782053619952 0.284397036034932 1.96568300005995
"719" 0.94236516302162 0.339541306427844 0.16295465078224
"720" 0.154930548936951 0.307718618571131 0.160832536646665
"721" 2.50306586061006 0.294411904557339 0.196589115383092
"722" 0.209273910898479 1.68373321129684 0.151402713487722
"723" 0.547041407178455 0.02845836021581 0.0239860596525804
"724" 0.490924430853097 0.750462048066304 0.131788158626819
"725" 0.175905936183771 2.33556881319677 2.59652412693123
"726" 0.541919413524901 0.0266344906006547 0.12667255326302
"727" 0.426891305913718 0.0785293946782691 0.302984955102294
"728" 0.428187147924852 0.0543241020296966 0.838051901135883
"729" 0.824024362247322 0.12656363350371 0.216349412212315
"730" 1.23403340884241 0.300960992987811 0.846268823114005
"731" 0.152043381631521 0.118671805878127 0.0747514485791045
"732" 0.451199331505358 0.440343671290594 0.35961164442859
"733" 0.57834744233189 1.74976462968182 1.78730066421335
"734" 0.396141012407172 0.668553625466501 0.392954045857359
"735" 0.463762513709502 0.564628610455947 0.34763407923778
"736" 0.55618217763123 0.574403411238817 0.487267124783226
"737" 2.54189466253256 0.803700962265751 0.133697220528212
"738" 0.636933400660143 2.58589812133111 0.346615994094791
"739" 2.00651441272943 0.105447561542311 0.814968650232612
"740" 0.378790100535055 1.18328138284601 0.45393230848852
"741" 1.06312566044659 0.610936130484234 1.26520072859569
"742" 0.641767207926302 0.360229598935524 0.0289094271137724
"743" 0.625884913966165 1.06962372232335 0.285401880945866
"744" 1.74335818460529 0.786542459205197 0.156500220395522
"745" 0.677563452974948 0.72462711052021 0.640145174671174
"746" 0.52516692399844 0.205822374433844 0.8288321286323
"747" 0.172797838134997 0.26152369019674 0.568304209610791
"748" 1.66503553734759 0.318797616112514 0.0744154387663684
"749" 1.64446940404327 0.438697548169871 1.02400954542003
"750" 0.646552160252987 0.175047602161931 0.215610381358027
"751" 1.07378902232674 0.0979257283433019 1.22149204727679
"752" 0.306270000525115 0.128860113108122 0.337000828643579
"753" 0.383302075968892 0.38190444826445 0.0411594113453165
"754" 0.101455807127384 1.1798660446723 0.7167315802405
"755" 0.240339878938879 0.0334533849733365 0.161290882897461
"756" 1.57794855479842 0.160670247333391 0.622971288348816
"757" 0.263257498147284 1.49163918477236 2.09905690264365
"758" 0.432822732269526 2.79650024498161 0.0482427912123712
"759" 1.82638227461326 1.61409834034254 0.355669553752946
"760" 0.176884609848366 0.268328659923802 0.0940561844840337
"761" 1.02925748745981 1.1979353899628 0.335176821884287
"762" 0.274465241836998 0.0430318571855932 0.306044976669361
"763" 0.115690688307715 1.48780251239166 2.64356988022942
"764" 0.47769484127829 0.376277255692588 0.12100065583423
"765" 0.893117646491133 0.518043745649661 0.131864767913907
"766" 0.0206515012276376 0.600024699456274 1.85628669881489
"767" 0.44190852563207 0.545321860378016 2.80343436680391
"768" 1.26915851238076 1.85229253815361 0.215789829311524
"769" 0.30378277665082 0.0515404632400811 0.3323765006418
"770" 4.25424989670279 0.26395414373448 1.72209649171414
"771" 0.366322666920093 0.254830723196209 0.0575427452463427
"772" 0.525715470312563 0.0345740289301171 2.25899518715797
"773" 1.23113290283592 1.03409283033589 2.38671712576147
"774" 4.4023340129511 0.171555385323303 1.46593325777637
"775" 0.234476242630022 0.19388240406611 1.9282582337608
"776" 0.553016175691046 1.41971258818569 2.18948654923718
"777" 0.0772617114665024 1.25403776818334 0.180373876159549
"778" 0.621801112975729 0.0401283029599726 0.82655476579512
"779" 1.13339377524414 1.72412467500134 2.27878706560541
"780" 1.11307380033111 0.0793031869127991 0.146488951506667
"781" 0.845332627215978 0.508538930000271 0.592647932351718
"782" 1.20548192707375 0.493051907485071 0.15362717128758
"783" 0.086466330467079 0.547360189130313 0.146678983729045
"784" 0.416721454070644 0.0253895778258023 1.53567373187882
"785" 0.740091227358175 0.328688022920743 0.0661721266905745
"786" 0.428245074618692 1.09701593487203 0.0829835171590037
"787" 0.668095101248236 1.42650185486848 0.0194247760361041
"788" 1.17701446586401 0.128376090969549 1.55873074906903
"789" 0.453315426279465 0.11552055140727 0.0689905352171604
"790" 0.111483947469347 0.641949373557599 0.0686560386071626
"791" 0.537173223376851 0.0952889689474745 0.142795962700563
"792" 0.427445459640389 1.06415116012834 0.636480765978547
"793" 0.931573330776684 2.06474948718601 0.334620335899609
"794" 0.694423319188583 0.651888695812745 0.94309949060908
"795" 0.320144215042784 1.55924193866866 1.87090621436109
"796" 0.341691866345763 0.0650049430221191 2.94149286923005
"797" 0.806925707682893 0.269788543650546 3.01350614901384
"798" 0.959965701707035 3.19380105060145 0.0650504113435557
"799" 0.204503998792724 0.742172548326485 0.248845797034317
"800" 0.626843915526617 0.455844436337019 0.54648460794405
"801" 0.0380258461130162 1.01196308377347 0.436820345242122
"802" 1.73958719117098 0.880324488670182 0.444617002619933
"803" 0.340626826884575 0.318827330037999 0.703712667119759
"804" 0.905446649597691 0.287141064302894 1.88658898812215
"805" 0.203815960918003 0.0247426215785457 0.15001680350862
"806" 0.644048992196491 0.975166489685828 1.6318039690313
"807" 0.0930318896443968 0.403245525925256 0.818212450480325
"808" 0.30206910002326 0.177495850953608 0.14499071332548
"809" 0.855532241669631 0.39601009390115 0.245961167584656
"810" 0.740628202504525 0.679587168051549 1.95255601392898
"811" 2.00643478814953 0.152346047446714 0.0260632573059719
"812" 0.167950066691414 0.659932616276833 1.53300980309474
"813" 1.13605291303486 1.13842920248667 0.315429867031565
"814" 0.564916012918063 0.623601499998653 0.313669596105854
"815" 0.194873921009572 2.81307778445016 0.412219247722594
"816" 1.61093961000792 0.276111437263788 0.444405714930319
"817" 0.0813748949714986 0.990381618680834 0.152757399688719
"818" 0.44353476265876 0.327591604721856 2.85497602829443
"819" 0.937733378764689 0.162700096518561 0.0495927699659283
"820" 0.183769839320665 0.0440497089217198 0.0450806099307233
"821" 0.520293918350392 2.96588610536333 2.13166498042221
"822" 0.341041453851173 0.496838734668763 0.0278929692399457
"823" 0.237533490383037 0.541530614718635 0.127198957125309
"824" 1.36616036591136 1.43567805603082 1.44203055250308
"825" 0.378111895425437 1.06008398057255 1.0466988985775
"826" 0.238454025897751 0.0403914565224665 0.142983830081611
"827" 0.770750717302582 0.251548255060628 0.321908991059596
"828" 0.641856913874838 2.1588499749472 0.576646092373456
"829" 2.25348175292758 0.197781975565197 0.143792887739764
"830" 0.224906000191363 0.779325009440883 1.66123760574724
"831" 0.471241679128559 0.0918810932284413 1.91118261744264
"832" 0.0423944755041873 0.0994281327165788 0.114774316314406
"833" 0.409678517998757 1.53310248101469 1.15123965768298
"834" 0.197808528974566 3.11954261837113 0.268544668928752
"835" 0.101483441341285 0.258725720921044 0.398936798610647
"836" 0.689597565652906 0.150677555359884 0.0981143508359623
"837" 0.275635817393366 0.37015755105635 1.24884063172794
"838" 0.39275450193105 0.193469203808293 0.887685684446248
"839" 0.447592912787365 0.244144568898551 0.467076552404412
"840" 0.26205463185062 0.501564097768021 2.61174647498563
"841" 0.173138142379993 0.108773036037529 0.210475765633225
"842" 0.728701406666218 0.344715393060454 0.441130178898354
"843" 2.46306892937288 0.819719994078356 0.147759435529418
"844" 0.50674214441053 0.0932528715991807 0.057697631135416
"845" 1.08821678550885 0.968710588563035 1.37286126332825
"846" 0.355087448170698 0.555135632656584 0.11290266694592
"847" 0.236805905620421 0.777610792513022 0.0780933640771055
"848" 0.601253732024783 0.0777233476560399 0.949278685788072
"849" 0.26020701589156 0.966741159418163 0.132315095935391
"850" 0.137372985580233 1.13772073770069 0.694415128082612
"851" 0.453660001945256 0.589143504477749 0.826163110301088
"852" 1.61291014577844 0.22629622988795 0.0871176682428422
"853" 0.576375530972721 0.756317670895808 0.236190255112333
"854" 0.382370363683646 0.529856023141131 0.140109920628802
"855" 0.314096644384093 0.953893027902719 0.377217237844409
"856" 0.519649978971933 0.187213998903863 0.068439954685941
"857" 0.335563075014707 0.353694367705693 0.27825113831044
"858" 0.31577088836441 0.69733626192469 0.960935576997578
"859" 0.890776658308251 1.93931996827032 0.165829421669228
"860" 0.462153861703276 0.529354256945919 2.77802047892731
"861" 1.05508948323171 1.56824291030271 0.512759522808058
"862" 0.37923046194181 0.116552878036927 0.3405632351178
"863" 0.772027710488429 0.779568932867936 0.1117833484358
"864" 3.88656611815099 0.0343864758005198 1.40879667301515
"865" 2.46867669237856 0.943542270139658 0.200722711873632
"866" 0.728259615240814 0.255679328585548 0.531778493804283
"867" 0.679476542276504 0.751427722674688 0.308266110523005
"868" 1.97717500964264 0.178186789961653 0.0868462227547657
"869" 0.3542534193697 0.0643861061757798 1.03515480765073
"870" 0.89455479593026 0.110161444958208 1.54082337571795
"871" 0.0811830761611407 0.403891914398347 0.548749605035741
"872" 0.196465206940718 0.315481805639071 0.430548166420401
"873" 0.332078472168969 0.0246888053365266 0.102080663666361
"874" 1.5904770714332 2.4637105874508 0.0914075480027152
"875" 0.976100084150184 0.784001351242664 0.681918494278021
"876" 1.82997471902656 0.339611124520057 0.0625700076078024
"877" 0.0314721559590023 1.78949505892854 0.0396705748842911
"878" 0.552355302998293 0.471953724293393 0.257923002073472
"879" 0.179329490042657 0.070391024067907 1.55561158606392
"880" 2.39786778086218 0.284914288664023 0.0243580844215805
"881" 0.411797905240159 0.343035505329601 1.3525717813046
"882" 0.155724756806368 1.04364632758406 0.144672203247453
"883" 0.0562682035038144 0.0541034037347242 0.0654365242395394
"884" 0.074118028319919 0.78893197385217 0.255304460558775
"885" 0.182692031070289 0.279455472321645 0.263421814640141
"886" 1.33552944076189 0.397577340177469 0.219329911278434
"887" 0.636621617023161 2.0069435821655 0.0495886009756422
"888" 0.156937631031964 0.327987365367496 0.233852753092157
"889" 0.843396380290058 0.0586142689293194 1.84980069043215
"890" 0.511951984159225 0.554657569320808 0.283009643365376
"891" 1.55499949780194 0.532411054975132 0.271785849762153
"892" 0.280755761306638 0.0852233541281374 0.784844039320442
"893" 0.212967215218226 0.0818830666018066 1.80769070869782
"894" 0.505768343624654 0.624347358406478 1.67786230704119
"895" 0.0455815898805393 1.11904923232984 0.798289401198595
"896" 0.89906808372456 0.0579417435935781 0.0949565972591827
"897" 0.0918802397410855 0.0772704475668956 0.661587187481852
"898" 0.621749091177092 0.673979615356894 0.150764239893987
"899" 0.510983818574615 1.86503248591339 0.146572285306229
"900" 0.92290435388776 0.0464925287070708 0.300149756765726
"901" 0.0882357422167752 0.267213539040083 0.77309151498788
"902" 0.76094513843375 1.97189952274724 0.251151502895777
"903" 0.33449998877613 0.420345601849437 1.02560579897822
"904" 0.205347300648632 0.116964364505154 0.195393861046646
"905" 0.250697585724668 0.307722859041429 0.934065890607591
"906" 1.38057136649375 1.15419526786703 1.0965970044335
"907" 0.460015116240953 0.735230395230421 0.0607546211087692
"908" 0.246462816711446 0.166886520046956 0.308118478228459
"909" 1.55077837441041 0.362852203025472 2.39757576895155
"910" 0.193293648994995 0.346286808334956 0.229437400166448
"911" 0.702418109651722 0.161200745789079 0.641388304227362
"912" 0.738080628274619 1.1250370790223 0.289203426220809
"913" 0.954139056064868 4.98077330420165 0.572297889205684
"914" 0.477811132373873 0.142960522550282 1.63508033728902
"915" 0.695592552412172 1.1256686115347 0.173246721701479
"916" 0.651881993431067 0.912186510055985 1.39316489772367
"917" 1.05835912318308 0.577404110201229 0.08330257411963
"918" 0.72657622330291 0.25289818487464 0.371518945393391
"919" 0.221662433259934 1.01659714890575 0.345844025454695
"920" 0.279266960751885 1.40840084298488 0.0996246001443324
"921" 0.104319083114074 0.92728062044053 1.04157460950463
"922" 0.642553485690087 0.125993960667329 0.0960964213506214
"923" 0.855543546106699 0.368790857815039 0.210743709624242
"924" 0.448908458723708 1.22316890658464 0.410951210767513
"925" 0.226403954870797 0.289153859428699 3.04243407836813
"926" 0.507450751698508 0.0604920659847334 2.4257267563044
"927" 0.0474600979922319 0.416932833313927 0.81411167917203
"928" 0.858246442473708 0.256586615539055 0.169379021210472
"929" 0.193821003401199 0.267871955689325 0.749071098118807
"930" 0.0501092048316585 0.539732758196274 0.200820866406029
"931" 0.147091772982859 1.48033537644778 0.337319066755756
"932" 1.90047297639811 0.216237049994648 1.7995706447275
"933" 1.72422886151316 0.348148755858631 0.607624483783024
"934" 0.528139352759492 0.0726548618328183 0.315085412633571
"935" 0.543991188038652 0.132059004811116 0.257258360568785
"936" 1.50737965359695 0.0585152860108414 0.0579278891002825
"937" 0.3204461384974 0.56884272836272 0.275742555662967
"938" 0.118305379035823 0.117849558523081 0.73796834530781
"939" 0.428608274469455 0.190717005339351 1.1629219155112
"940" 0.348654167296141 0.271664620442601 0.0225506070764617
"941" 0.929581621042326 1.36698217731765 1.95850558958042
"942" 0.244785210707249 0.35741168756927 0.0296283073277428
"943" 0.565420254723886 0.217381049815486 0.275486017509963
"944" 1.01152128285698 1.40894162197766 0.0992138847174469
"945" 0.486134163473503 0.74783179497965 0.0325437915379982
"946" 0.315649567110273 0.215754889862156 0.790824121153564
"947" 0.111253360343324 0.234278652939163 0.177641956603894
"948" 0.847733092220216 0.668041646545617 1.8530929992884
"949" 0.500533913016179 1.09961668634486 0.126203563505391
"950" 1.09907283821189 0.546763969596869 0.814898003988588
"951" 0.614113930264855 0.396019136826544 0.42766629361348
"952" 1.64828919128798 0.750476460237389 0.0346878028201434
"953" 0.135437931363764 0.361486026785158 0.245233891052528
"954" 0.351394128194498 0.282653202075878 0.18465122513274
"955" 0.928635533911024 0.104685481102966 0.986253647508707
"956" 0.788669489575751 1.25792082288307 0.545953492806043
"957" 1.10027446541523 0.189385897005187 0.270544604299288
"958" 0.134129021038803 0.581563933589295 1.04925967592621
"959" 0.0633176651549723 0.30431361666301 0.603205288667985
"960" 0.454637437813562 0.734269380430593 0.528103478440222
"961" 0.227627118692042 1.15642294004135 0.153051445390423
"962" 1.12778455408387 1.06330621770904 0.803167632081806
"963" 0.444837803105418 1.08578408618033 0.068562165362915
"964" 0.732578881830488 0.180823176145049 0.0827627248774851
"965" 0.638396218120286 0.0616879510138395 0.244335943058521
"966" 0.43044188598226 0.0517745678942794 0.387309824964186
"967" 0.132034762409468 1.12841990698231 0.415522198693332
"968" 0.91188207093101 0.417438305558874 0.189072034570925
"969" 1.04048036940378 0.293074648990854 0.236867175155373
"970" 1.18176306757928 0.868560887950546 0.369682137942366
"971" 0.133792387724981 0.0823889418021793 0.262390540377243
"972" 0.128040168121491 1.53225678612031 0.703904689501513
"973" 1.6599188221387 0.168111829426261 0.972289515659834
"974" 0.107979219738053 0.983859172832886 2.9291385938574
"975" 0.198090342991509 0.418824338230046 2.2303463178935
"976" 0.465794063474368 0.355079910204104 0.4011889059754
"977" 0.489544515979734 1.0072296925347 0.0962842887372106
"978" 0.124229319823938 0.29959326155008 0.771483859010745
"979" 0.254115538769365 0.421274533547136 0.496086488431757
"980" 0.516889425294966 1.01132170320612 0.333396411379581
"981" 0.130852335582673 0.251660127162178 0.96772519561108
"982" 0.038109419256172 0.194176712805787 1.90728994305649
"983" 0.275197514121909 2.348489883737 0.349046564036564
"984" 1.01455944311127 1.84295193294728 0.12918898412102
"985" 0.194208385142505 0.435098648728338 0.122601312783769
"986" 0.345363122935769 0.51552616287604 0.05866738050298
"987" 0.850347331139576 0.40307941506955 0.0560046793630626
"988" 0.292595625937984 0.0915215491266631 0.719680869801123
"989" 0.244503369050308 0.582298154502296 0.342046659475458
"990" 0.451511437862931 0.83268448081196 0.118144340154872
"991" 0.700234090430689 0.388457709267837 0.811787541107929
"992" 0.728440843537904 0.770251222618124 0.99579873622545
"993" 0.406073293812908 0.790293261531389 2.46169303686484
"994" 0.229864122875972 0.82714101079129 0.0793988525997967
"995" 0.663907429340099 0.230509751748769 1.64799412205198
"996" 0.451809819231607 0.118625182890123 1.39711977992721
"997" 1.05082403870112 0.275280714621587 0.371789206227179
"998" 0.0679685691821219 0.39958501121879 0.0563119678165052
"999" 1.84358439979005 0.101649777828421 0.221278746826626
"1000" 0.259122473459934 0.553529537423739 0.7379462432572
